poems to use:

browning_love_thee.txt
[-9, 3, -7, 2, -11, 5, -11, 5, -7, 13]
[-1, 1, -1, 1, -1, 1, -1, 1, -1, 1]]

donne_holy_sonnet_xiv.txt
[-2, 0, -4, 2, 0, 4, -4, 1, -3, 0]
[-1, 0, -1, 1, 0, 1, -1, 1, -1, 0]

dulce_et_decorum_est.txt
[-2, 5, -9, 6, -2, 5, -10, 6, -10, 11]
[-1, 1, -1, 1, -1, 1, -1, 1, -1, 1]

elegy_country_churchyard.txt
[-40, 39, -64, 72, -71, 32, -76, 40, -75, 78]
[-1, 1, -1, 1, -1, 1, -1, 1, -1, 1]

frost_birches.txt
[-12, -6, -12, 20, -16, 13, -16, 15, -19, 17]
[-1, -1, -1, 1, -1, 1, -1, 1, -1, 1]

shakespeare_sonnet_18.txt
[-7, 3, -6, 6, -11, 2, -8, 7, -9, 5]
[-1, 1, -1, 1, -1, 1, -1, 1, -1, 1]

pope_windsor_forest.txt
[-103, 146, -201, 285, -251, 138, -257, 250, -290, 306]
[-1, 1, -1, 1, -1, 1, -1, 1, -1, 1]

collier.txt
[-84, 31, -105, 107, -128, 65, -102, 65, -116, 92]
[-1, 1, -1, 1, -1, 1, -1, 1, -1, 1]

paradise_lost.txt
[-2714, 1900, -4402, 2510, -4205, 2569, -4186, 1790, -4007, 4434]
[-1, 1, -1, 1, -1, 1, -1, 1, -1, 1]

sonnet_56.txt
[-6, 8, -10, 6, -6, 4, -6, -2, -4, 10]
[-1, 1, -1, 1, -1, 1, -1, -1, -1, 1]

sonnet_xv.txt
[-5, -6, -4, 10, -8, 2, -8, 6, -8, 7]
[-1, -1, -1, 1, -1, 1, -1, 1, -1, 1]